1958.16666666667 -26.4528904847394
1958.25000000000 -24.7128904847394
1958.33333333333 -24.6628904847394
1958.50000000000 -26.3028904847394
1958.58333333333 -27.2328904847394
1958.66666666667 -28.9728904847394
1958.83333333333 -28.8228904847394
1958.91666666667 -27.4928904847394
1959 -26.5828904847394
1959.08333333333 -25.6928904847393
1959.16666666667 -25.5128904847394
1959.25000000000 -24.4528904847394
1959.33333333333 -23.8728904847393
1959.41666666667 -24.0028904847393
1959.50000000000 -25.6128904847394
1959.58333333333 -27.3628904847394
1959.66666666667 -28.3228904847394
1959.75000000000 -28.8228904847394
1959.83333333333 -27.3528904847394
1959.91666666667 -26.5728904847394
1960 -25.7328904847394
1960.08333333333 -25.1928904847393
1960.16666666667 -24.5828904847394
1960.25000000000 -23.1328904847394
1960.33333333333 -22.1328904847394
1960.41666666667 -22.5728904847394
1960.50000000000 -23.9828904847394
1960.58333333333 -26.2528904847393
1960.66666666667 -28.0028904847393
1960.75000000000 -28.3328904847394
1960.83333333333 -27.1628904847394
1960.91666666667 -25.9728904847394
1961 -25.2728904847394
1961.08333333333 -24.4628904847394
1961.16666666667 -23.6228904847393
1961.25000000000 -22.6828904847393
1961.33333333333 -21.5828904847394
1961.41666666667 -22.3828904847394
1961.50000000000 -23.5828904847394
1961.58333333333 -25.3728904847393
1961.66666666667 -27.1728904847394
1961.75000000000 -26.8528904847394
1961.83333333333 -26.0628904847393
1961.91666666667 -25.1528904847394
1962 -24.2228904847394
1962.08333333333 -23.6028904847394
1962.16666666667 -22.4728904847394
1962.25000000000 -21.5828904847394
1962.33333333333 -21.1528904847394
1962.41666666667 -21.5528904847394
1962.50000000000 -22.5528904847394
1962.58333333333 -24.7628904847394
1962.66666666667 -25.9028904847394
1962.75000000000 -26.7428904847394
1962.83333333333 -25.4728904847394
1962.91666666667 -24.4728904847394
1963 -23.4228904847394
1963.08333333333 -23.0828904847394
1963.16666666667 -22.3028904847394
1963.25000000000 -20.7728904847394
1963.33333333333 -19.9228904847394
1963.41666666667 -20.6928904847393
1963.50000000000 -22.4228904847394
1963.58333333333 -24.3928904847394
1963.66666666667 -25.9528904847394
1963.75000000000 -26.1728904847394
1963.83333333333 -25.0928904847394
1963.91666666667 -23.8028904847394
1964 -22.5928904847394
1964.33333333333 -19.9328904847393
1964.41666666667 -20.2728904847394
1964.50000000000 -21.7228904847394
1964.58333333333 -23.4628904847394
1964.66666666667 -25.4628904847394
1964.75000000000 -25.2928904847394
1964.83333333333 -24.4828904847394
1964.91666666667 -23.4528904847394
1965 -22.7228904847394
1965.08333333333 -21.7228904847394
1965.16666666667 -21.2728904847394
1965.25000000000 -20.0328904847394
1965.33333333333 -20.0028904847393
1965.41666666667 -20.2928904847394
1965.50000000000 -20.9528904847394
1965.58333333333 -23.2928904847394
1965.66666666667 -24.3528904847394
1965.75000000000 -24.8628904847394
1965.83333333333 -23.2928904847394
1965.91666666667 -22.7428904847394
1966 -21.5428904847394
1966.08333333333 -20.5728904847394
1966.16666666667 -19.7728904847394
1966.25000000000 -18.4628904847394
1966.33333333333 -18.0928904847394
1966.41666666667 -18.4128904847394
1966.50000000000 -19.7628904847394
1966.58333333333 -21.7928904847394
1966.66666666667 -23.5228904847394
1966.75000000000 -24.0628904847393
1966.83333333333 -22.3728904847393
1966.91666666667 -21.1328904847394
1967 -19.8328904847394
1967.08333333333 -19.6628904847394
1967.16666666667 -19.1228904847393
1967.25000000000 -17.7428904847394
1967.33333333333 -17.1628904847394
1967.41666666667 -18.0728904847394
1967.50000000000 -19.6128904847394
1967.58333333333 -21.2428904847394
1967.66666666667 -22.9028904847394
1967.75000000000 -22.7728904847394
1967.83333333333 -21.4428904847393
1967.91666666667 -20.2028904847394
1968 -19.5928904847394
1968.08333333333 -19.0128904847394
1968.16666666667 -18.2728904847394
1968.25000000000 -17.1428904847394
1968.33333333333 -16.5928904847394
1968.41666666667 -16.8028904847394
1968.50000000000 -18.0228904847394
1968.58333333333 -20.0528904847394
1968.66666666667 -21.8328904847394
1968.75000000000 -21.9128904847394
1968.83333333333 -20.8428904847394
1968.91666666667 -19.2628904847394
1969 -18.1628904847394
1969.08333333333 -17.7428904847394
1969.16666666667 -16.5228904847394
1969.25000000000 -15.5028904847393
1969.33333333333 -14.7828904847394
1969.41666666667 -15.4628904847394
1969.50000000000 -16.2728904847394
1969.58333333333 -18.4928904847394
1969.66666666667 -19.7828904847394
1969.75000000000 -20.3828904847394
1969.83333333333 -19.3128904847393
1969.91666666667 -18.0428904847394
1970 -17.1028904847394
1970.08333333333 -16.1828904847393
1970.16666666667 -15.2328904847394
1970.25000000000 -14.0328904847394
1970.33333333333 -14.0928904847394
1970.41666666667 -14.5028904847393
1970.50000000000 -15.8128904847393
1970.58333333333 -17.4728904847394
1970.66666666667 -19.0628904847393
1970.75000000000 -19.0928904847394
1970.83333333333 -18.1528904847394
1970.91666666667 -17.0328904847394
1971 -15.9928904847393
1971.08333333333 -15.4828904847394
1971.16666666667 -14.9828904847394
1971.25000000000 -14.3828904847394
1971.33333333333 -13.2428904847393
1971.41666666667 -13.5928904847394
1971.50000000000 -14.7928904847394
1971.58333333333 -16.7328904847394
1971.66666666667 -18.8028904847394
1971.75000000000 -18.6028904847394
1971.83333333333 -17.3628904847394
1971.91666666667 -16.1528904847394
1972 -15.3928904847394
1972.08333333333 -14.5328904847394
1972.16666666667 -14.4128904847394
1972.25000000000 -12.4428904847393
1972.33333333333 -12.0928904847394
1972.41666666667 -13.0728904847394
1972.50000000000 -14.1128904847394
1972.58333333333 -15.8428904847394
1972.66666666667 -17.3228904847394
1972.75000000000 -16.9628904847394
1972.83333333333 -15.6628904847394
1972.91666666667 -14.6128904847394
1973 -13.6228904847393
1973.08333333333 -12.6028904847394
1973.16666666667 -11.8628904847394
1973.25000000000 -10.6628904847394
1973.33333333333 -9.68289048473935
1973.41666666667 -10.0928904847394
1973.50000000000 -11.2928904847394
1973.58333333333 -12.8528904847394
1973.66666666667 -14.6528904847394
1973.75000000000 -14.9828904847394
1973.83333333333 -14.0028904847393
1973.91666666667 -13.5228904847394
1974 -12.8128904847393
1974.08333333333 -11.4528904847394
1974.16666666667 -10.6828904847393
1974.25000000000 -9.51289048473939
1974.33333333333 -9.07289048473939
1974.41666666667 -9.91289048473936
1974.50000000000 -10.9828904847394
1974.58333333333 -12.7628904847394
1974.66666666667 -14.7228904847394
1974.75000000000 -14.7928904847394
1974.83333333333 -13.7028904847394
1974.91666666667 -12.5828904847394
1975 -11.7628904847394
1975.08333333333 -10.7528904847393
1975.16666666667 -10.1228904847393
1975.25000000000 -8.85289048473936
1975.33333333333 -8.20289048473939
1975.41666666667 -8.57289048473939
1975.50000000000 -10.2528904847393
1975.58333333333 -12.1028904847394
1975.66666666667 -13.6028904847394
1975.75000000000 -13.8228904847394
1975.83333333333 -12.6728904847394
1975.91666666667 -11.4028904847394
1976 -10.4228904847394
1976.08333333333 -9.60289048473936
1976.16666666667 -8.66289048473936
1976.25000000000 -7.58289048473938
1976.33333333333 -7.29289048473936
1976.41666666667 -7.82289048473939
1976.50000000000 -9.11289048473935
1976.58333333333 -11.2228904847394
1976.66666666667 -12.8628904847394
1976.75000000000 -13.2228904847394
1976.83333333333 -11.8528904847394
1976.91666666667 -10.4828904847394
1977 -9.24289048473935
1977.08333333333 -8.74289048473935
1977.16666666667 -7.46289048473938
1977.25000000000 -6.09289048473937
1977.33333333333 -5.42289048473936
1977.41666666667 -5.89289048473938
1977.50000000000 -7.23289048473936
1977.58333333333 -9.41289048473936
1977.66666666667 -10.5828904847394
1977.75000000000 -11.0028904847393
1977.83333333333 -9.76289048473939
1977.91666666667 -8.31289048473934
1978 -7.19289048473934
1978.08333333333 -6.77289048473938
1978.16666666667 -5.52289048473938
1978.25000000000 -4.40289048473937
1978.33333333333 -4.15289048473937
1978.41666666667 -4.27289048473938
1978.50000000000 -5.62289048473934
1978.58333333333 -7.48289048473936
1978.66666666667 -9.40289048473937
1978.75000000000 -9.62289048473934
1978.83333333333 -8.24289048473935
1978.91666666667 -7.21289048473938
1979 -5.93289048473935
1979.08333333333 -5.40289048473937
1979.16666666667 -4.20289048473939
1979.25000000000 -3.27289048473938
1979.33333333333 -2.69289048473934
1979.41666666667 -2.87289048473934
1979.50000000000 -4.43289048473935
1979.58333333333 -6.07289048473939
1979.66666666667 -8.25289048473934
1979.75000000000 -8.30289048473935
1979.83333333333 -6.87289048473934
1979.91666666667 -5.43289048473935
1980 -4.15289048473937
1980.08333333333 -3.80289048473935
1980.16666666667 -2.08289048473938
1980.25000000000 -1.39289048473938
1980.33333333333 -0.702890484739385
1980.41666666667 -0.992890484739348
1980.50000000000 -2.60289048473936
1980.58333333333 -4.56289048473934
1980.66666666667 -6.28289048473937
1980.75000000000 -6.15289048473937
1980.83333333333 -5.06289048473934
1980.91666666667 -3.95289048473938
1981 -2.93289048473935
1981.08333333333 -1.69289048473934
1981.16666666667 -0.782890484739369
1981.25000000000 0.347109515260627
1981.33333333333 0.747109515260661
1981.41666666667 0.0871095152606358
1981.50000000000 -1.67289048473936
1981.58333333333 -3.73289048473936
1981.66666666667 -5.47289048473937
1981.75000000000 -5.31289048473934
1981.83333333333 -3.80289048473935
1981.91666666667 -2.55289048473935
1982 -1.41289048473936
1982.08333333333 -0.552890484739351
1982.16666666667 0.537109515260624
1982.25000000000 1.39710951526064
1982.33333333333 1.96710951526063
1982.41666666667 1.18710951526066
1982.50000000000 -0.102890484739362
1982.58333333333 -2.34289048473937
1982.66666666667 -4.19289048473934
1982.75000000000 -4.30289048473935
1982.83333333333 -2.90289048473937
1982.91666666667 -1.67289048473936
1983 -0.792890484739360
1983.08333333333 0.357109515260618
1983.16666666667 0.937109515260659
1983.25000000000 2.77710951526063
1983.33333333333 3.58710951526064
1983.41666666667 3.15710951526063
1983.50000000000 1.82710951526065
1983.58333333333 0.227109515260622
1983.66666666667 -2.30289048473935
1983.75000000000 -2.17289048473936
1983.83333333333 -1.00289048473934
1983.91666666667 0.827109515260645
1984 1.53710951526062
1984.08333333333 2.34710951526063
1984.16666666667 3.11710951526061
1984.25000000000 4.91710951526062
1984.33333333333 5.26710951526064
1984.41666666667 4.62710951526066
1984.50000000000 3.23710951526061
1984.58333333333 1.11710951526061
1984.66666666667 -1.09289048473937
1984.75000000000 -0.812890484739341
1984.83333333333 0.817109515260654
1984.91666666667 2.05710951526066
1985 2.80710951526066
1985.08333333333 3.83710951526064
1985.16666666667 5.26710951526064
1985.25000000000 6.18710951526066
1985.33333333333 6.76710951526064
1985.41666666667 6.08710951526064
1985.50000000000 4.39710951526064
1985.58333333333 2.52710951526063
1985.66666666667 0.927109515260611
1985.75000000000 0.637109515260647
1985.83333333333 2.07710951526065
1985.91666666667 3.39710951526064
1986 4.12710951526066
1986.08333333333 4.79710951526062
1986.16666666667 5.69710951526065
1986.25000000000 7.38710951526065
1986.33333333333 8.04710951526062
1986.41666666667 7.37710951526066
1986.50000000000 5.77710951526063
1986.58333333333 3.74710951526066
1986.66666666667 2.69710951526065
1986.75000000000 2.00710951526065
1986.83333333333 3.49710951526066
1986.91666666667 4.73710951526061
1987 5.85710951526062
1987.08333333333 6.30710951526066
1987.16666666667 7.25710951526065
1987.25000000000 8.82710951526065
1987.33333333333 9.67710951526061
1987.41666666667 9.08710951526064
1987.50000000000 7.35710951526062
1987.58333333333 5.93710951526066
1987.66666666667 4.27710951526063
1987.75000000000 4.19710951526065
1987.83333333333 5.64710951526064
1987.91666666667 6.79710951526062
1988 8.26710951526064
1988.08333333333 9.55710951526066
1988.16666666667 10.0571095152607
1988.25000000000 11.4271095152606
1988.33333333333 12.0571095152607
1988.41666666667 11.6271095152607
1988.50000000000 10.2271095152606
1988.58333333333 8.27710951526063
1988.66666666667 6.55710951526066
1988.75000000000 6.71710951526063
1988.83333333333 7.90710951526063
1988.91666666667 9.17710951526061
1989 10.5971095152606
1989.08333333333 10.9071095152606
1989.16666666667 11.5171095152606
1989.25000000000 13.2571095152607
1989.33333333333 13.5071095152607
1989.41666666667 12.9671095152606
1989.50000000000 11.7371095152606
1989.58333333333 9.50710951526065
1989.66666666667 7.63710951526065
1989.75000000000 7.82710951526065
1989.83333333333 9.13710951526065
1989.91666666667 10.3671095152606
1990 11.4971095152607
1990.08333333333 12.5371095152606
1990.16666666667 13.2271095152606
1990.25000000000 14.0371095152606
1990.33333333333 14.9971095152607
1990.41666666667 14.0571095152607
1990.50000000000 12.6571095152606
1990.58333333333 10.7471095152607
1990.66666666667 8.79710951526062
1990.75000000000 9.01710951526064
1990.83333333333 10.6671095152606
1990.91666666667 12.0471095152606
1991 12.5571095152607
1991.08333333333 13.5871095152606
1991.16666666667 14.9971095152607
1991.25000000000 16.4371095152607
1991.33333333333 17.1771095152606
1991.41666666667 16.0771095152606
1991.50000000000 14.0071095152607
1991.58333333333 11.8671095152606
1991.66666666667 9.99710951526066
1991.75000000000 10.0471095152606
1991.83333333333 11.5871095152606
1991.91666666667 12.8271095152606
1992 13.8171095152607
1992.08333333333 14.5571095152607
1992.16666666667 15.6471095152606
1992.25000000000 16.9871095152606
1992.33333333333 17.4971095152607
1992.41666666667 17.0871095152606
1992.50000000000 14.8671095152606
1992.58333333333 12.8371095152606
1992.66666666667 10.8471095152606
1992.75000000000 11.1471095152606
1992.83333333333 11.9971095152607
1992.91666666667 13.2371095152606
1993 14.5371095152606
1993.08333333333 14.9971095152607
1993.16666666667 16.2171095152606
1993.25000000000 17.2971095152606
1993.33333333333 18.1171095152606
1993.41666666667 17.4371095152607
1993.50000000000 15.4071095152606
1993.58333333333 13.3571095152606
1993.66666666667 11.5371095152606
1993.75000000000 11.8171095152607
1993.83333333333 13.1671095152606
1993.91666666667 14.6371095152606
1994 16.1971095152607
1994.08333333333 16.7471095152607
1994.16666666667 17.8071095152607
1994.25000000000 19.0971095152606
1994.33333333333 19.5171095152606
1994.41666666667 18.7871095152606
1994.50000000000 17.3871095152606
1994.58333333333 15.3271095152606
1994.66666666667 13.6771095152606
1994.75000000000 13.8271095152606
1994.83333333333 15.4171095152606
1994.91666666667 16.8771095152607
1995 17.7971095152606
1995.08333333333 18.8371095152606
1995.16666666667 19.4771095152606
1995.25000000000 21.2871095152606
1995.33333333333 21.6271095152607
1995.41666666667 21.0971095152606
1995.50000000000 19.7371095152606
1995.58333333333 17.2971095152606
1995.66666666667 15.8971095152606
1995.75000000000 15.5871095152606
1995.83333333333 17.3971095152606
1995.91666666667 18.5371095152606
1996 19.8871095152606
1996.08333333333 21.0871095152606
1996.16666666667 21.8671095152606
1996.25000000000 22.5571095152607
1996.33333333333 23.2471095152607
1996.41666666667 22.8071095152607
1996.50000000000 21.4871095152606
1996.58333333333 19.3271095152606
1996.66666666667 17.2971095152606
1996.75000000000 17.4371095152607
1996.83333333333 18.5971095152606
1996.91666666667 20.1671095152606
1997 21.0171095152606
1997.08333333333 21.8371095152606
1997.16666666667 22.4071095152606
1997.25000000000 24.1871095152607
1997.33333333333 24.6271095152607
1997.41666666667 23.4571095152606
1997.50000000000 22.3071095152607
1997.58333333333 20.3471095152606
1997.66666666667 18.0271095152606
1997.75000000000 18.6071095152606
1997.83333333333 20.2671095152606
1997.91666666667 22.1171095152606
1998 23.1571095152606
1998.08333333333 23.9871095152606
1998.16666666667 25.1471095152606
1998.25000000000 26.4471095152607
1998.33333333333 27.1271095152607
1998.41666666667 26.7071095152606
1998.50000000000 25.4771095152606
1998.58333333333 23.6071095152606
1998.66666666667 21.7371095152606
1998.75000000000 22.0671095152607
1998.83333333333 23.2971095152606
1998.91666666667 24.8071095152607
1999 25.9871095152606
1999.08333333333 26.7071095152606
1999.16666666667 27.4271095152606
1999.25000000000 28.9771095152606
1999.33333333333 28.8371095152606
1999.41666666667 28.1871095152607
1999.50000000000 27.1071095152606
1999.58333333333 24.7771095152606
1999.66666666667 22.4671095152606
1999.75000000000 22.9571095152606
1999.83333333333 24.5071095152607
1999.91666666667 25.8471095152606
2000 26.9771095152606
2000.08333333333 27.2971095152606
2000.16666666667 28.3571095152606
2000.25000000000 29.4971095152607
2000.33333333333 29.6571095152606
2000.41666666667 29.5371095152606
2000.50000000000 27.9571095152606
2000.58333333333 25.9571095152606
2000.66666666667 24.4571095152606
2000.75000000000 24.5671095152607
2000.83333333333 26.1271095152607
2000.91666666667 27.3671095152606
2001 28.1171095152606
2001.08333333333 29.3371095152606
2001.16666666667 29.9571095152606
2001.25000000000 30.7071095152606
2001.33333333333 31.8571095152606
2001.41666666667 31.1371095152606
2001.50000000000 29.4571095152606
2001.58333333333 27.3871095152606
2001.66666666667 25.7971095152606
2001.75000000000 25.9271095152606
2001.83333333333 27.5171095152606
2001.91666666667 29.0771095152606
2002 30.2671095152606
2002.08333333333 30.9271095152606
2002.16666666667 31.3571095152606
2002.25000000000 32.6971095152607
2002.33333333333 33.3871095152607
2002.41666666667 33.2371095152606
2002.50000000000 31.8571095152606
2002.58333333333 29.3271095152606
2002.66666666667 28.5471095152606
2002.75000000000 28.0771095152606
2002.83333333333 29.9171095152606
2002.91666666667 31.6171095152606
2003 32.5171095152606
2003.08333333333 33.4671095152606
2003.16666666667 33.9471095152607
2003.25000000000 35.4871095152606
2003.33333333333 36.1871095152607
2003.41666666667 35.9671095152606
2003.50000000000 34.4571095152606
2003.58333333333 32.3371095152606
2003.66666666667 30.8271095152606
2003.75000000000 30.8371095152606
2003.83333333333 32.1871095152607
2003.91666666667 33.5371095152606
